24 
33 
44 
51 
77 
81 
85 
92 
93 
103 
105 
115 
143 
145 
149 
159 
173 
173 
181 
185 
186 
191 
192 
201 
209 
211 
227 
231 
244 
249 
274 
277 
282 
298 
309 
334 
347 
350 
358 
359 
368 
369 
390 
422 
427 
447 
448 
484 
492 
495 
498 
501 
526 
535 
536 
541 
544 
551 
560 
566 
572 
628 
654 
679 
687 
689 
694 
714 
717 
784 
796 
800 
810 
831 
835 
850 
851 
854 
865 
870 
871 
880 
895 
903 
915 
923 
957 
977 
979 
991 
1015 
1016 
1019 
1022 
1051 
1071 
1094 
1107 
1113 
1123 
1142 
1151 
1153 
1173 
1190 
1191 
1194 
1210 
1222 
1228 
1229 
1232 
1238 
1253 
1255 
1263 
1265 
1287 
1295 
1314 
1316 
1324 
1336 
1338 
1346 
1356 
1357 
1360 
1364 
1414 
1428 
1432 
1433 
1447 
1455 
1459 
1461 
1476 
1489 
1491 
1541 
1545 
1562 
1567 
1571 
1584 
1602 
1606 
1607 
1616 
1617 
1622 
1626 
1633 
1634 
1668 
1670 
1675 
1690 
1698 
1700 
1703 
1705 
1712 
1752 
1757 
1760 
1762 
1766 
1766 
1767 
1782 
1785 
1787 
1817 
1827 
1834 
1836 
1869 
1886 
1888 
1895 
1919 
1933 
1935 
1937 
1961 
1974 
1980 
1993 
1998 
1999 
2014 
2025 
2036 
2038 
2045 
2057 
2062 
2064 
2069 
2073 
2077 
2095 
2098 
2124 
2129 
2147 
2168 
2172 
2175 
2175 
2181 
2182 
2196 
2199 
2214 
2229 
2254 
2271 
2285 
2288 
2311 
2315 
2324 
2334 
2336 
2371 
2388 
2406 
2407 
2422 
2429 
2450 
2455 
2455 
2462 
2473 
2474 
2477 
2492 
2507 
2509 
2518 
2520 
2528 
2530 
2538 
2547 
2574 
2621 
2625 
2632 
2655 
2663 
2670 
2672 
2680 
2693 
2699 
2703 
2736 
2736 
2742 
2744 
2759 
2775 
2776 
2784 
2804 
2823 
2825 
2829 
2858 
2883 
2886 
2908 
2912 
2950 
2955 
2956 
2969 
2976 
2994 
3000 
3031 
3033 
3057 
3081 
3086 
3086 
3111 
3118 
3131 
3161 
3186 
3188 
3194 
3206 
3214 
3226 
3233 
3245 
3246 
3282 
3285 
3302 
3319 
3324 
3336 
3339 
3360 
3365 
3380 
3394 
3397 
3401 
3413 
3417 
3438 
3463 
3467 
3468 
3485 
3498 
3501 
3502 
3511 
3521 
3527 
3535 
3541 
3543 
3552 
3558 
3559 
3580 
3621 
3640 
3688 
3709 
3715 
3719 
3723 
3726 
3739 
3755 
3761 
3770 
3773 
3786 
3820 
3821 
3839 
3856 
3865 
3878 
3889 
3891 
3898 
3898 
3908 
3932 
3933 
3948 
3954 
3959 
3962 
3967 
3968 
3970 
4006 
4027 
4035 
4045 
4062 
4065 
4083 
4095 
4097 
4132 
4134 
4163 
4164 
4165 
4174 
4188 
4208 
4209 
4209 
4209 
4213 
4217 
4224 
4225 
4235 
4236 
4239 
4247 
4251 
4252 
4253 
4255 
4262 
4279 
4296 
4297 
4320 
4339 
4357 
4369 
4388 
4401 
4407 
4418 
4424 
4428 
4460 
4464 
4465 
4499 
4504 
4504 
4516 
4517 
4520 
4523 
4535 
4541 
4548 
4553 
4568 
4582 
4593 
4596 
4605 
4610 
4610 
4637 
4650 
4660 
4666 
4700 
4710 
4728 
4733 
4736 
4746 
4759 
4763 
4770 
4782 
4788 
4809 
4836 
4847 
4856 
4858 
4878 
4879 
4885 
4903 
4904 
4905 
4922 
4934 
4935 
4939 
4939 
4940 
4965 
4970 
5001 
5001 
5002 
5009 
5016 
5046 
5049 
5082 
5103 
5108 
5113 
5124 
5136 
5145 
5160 
5161 
5163 
5165 
5179 
5184 
5187 
5189 
5204 
5219 
5230 
5236 
5240 
5250 
5261 
5261 
5264 
5294 
5297 
5340 
5344 
5360 
5364 
5366 
5386 
5401 
5403 
5406 
5410 
5411 
5413 
5422 
5426 
5437 
5440 
5453 
5460 
5465 
5468 
5476 
5501 
5560 
5562 
5597 
5600 
5601 
5605 
5606 
5607 
5614 
5619 
5640 
5645 
5660 
5661 
5678 
5693 
5705 
5707 
5730 
5732 
5772 
5787 
5807 
5820 
5821 
5854 
5881 
5893 
5903 
5908 
5924 
5930 
5954 
5977 
5979 
5983 
5995 
6007 
6019 
6021 
6023 
6030 
6031 
6033 
6048 
6062 
6063 
6081 
6082 
6091 
6099 
6103 
6106 
6113 
6121 
6122 
6133 
6147 
6158 
6161 
6165 
6189 
6198 
6200 
6206 
6216 
6219 
6227 
6245 
6267 
6304 
6305 
6359 
6365 
6369 
6375 
6392 
6392 
6393 
6417 
6429 
6438 
6482 
6506 
6514 
6516 
6558 
6572 
6592 
6604 
6610 
6611 
6613 
6623 
6637 
6653 
6677 
6701 
6721 
6727 
6730 
6736 
6745 
6751 
6760 
6769 
6769 
6771 
6793 
6798 
6800 
6813 
6828 
6850 
6859 
6874 
6888 
6895 
6913 
6916 
6937 
6942 
6943 
6954 
6959 
6987 
7002 
7004 
7019 
7026 
7039 
7043 
7045 
7058 
7058 
7070 
7087 
7095 
7106 
7112 
7112 
7123 
7124 
7126 
7156 
7177 
7181 
7194 
7205 
7208 
7231 
7236 
7246 
7253 
7254 
7280 
7283 
7290 
7299 
7302 
7338 
7409 
7415 
7444 
7444 
7444 
7444 
7448 
7462 
7470 
7473 
7475 
7481 
7488 
7497 
7508 
7530 
7535 
7552 
7559 
7560 
7582 
7615 
7620 
7650 
7658 
7674 
7676 
7694 
7694 
7727 
7729 
7761 
7779 
7786 
7797 
7806 
7811 
7821 
7825 
7830 
7839 
7846 
7850 
7860 
7862 
7864 
7878 
7880 
7897 
7909 
7913 
7924 
7931 
7940 
7980 
7986 
7990 
8002 
8004 
8016 
8019 
8022 
8027 
8028 
8037 
8040 
8046 
8052 
8053 
8064 
8071 
8082 
8082 
8102 
8105 
8109 
8113 
8129 
8132 
8138 
8139 
8143 
8158 
8159 
8177 
8187 
8201 
8216 
8218 
8219 
8220 
8237 
8271 
8290 
8291 
8300 
8300 
8306 
8308 
8311 
8316 
8343 
8344 
8345 
8354 
8356 
8359 
8367 
8374 
8375 
8378 
8385 
8389 
8399 
8407 
8424 
8432 
8434 
8462 
8465 
8481 
8490 
8496 
8511 
8513 
8517 
8547 
8557 
8582 
8583 
8585 
8592 
8598 
8611 
8615 
8617 
8620 
8622 
8627 
8627 
8652 
8657 
8676 
8694 
8701 
8709 
8717 
8723 
8730 
8760 
8763 
8766 
8787 
8792 
8819 
8830 
8831 
8832 
8838 
8842 
8882 
8885 
8889 
8899 
8910 
8912 
8925 
8928 
8936 
8947 
8949 
8957 
8962 
8996 
9010 
9017 
9041 
9065 
9065 
9066 
9077 
9085 
9091 
9100 
9115 
9122 
9132 
9140 
9149 
9153 
9163 
9164 
9171 
9178 
9179 
9182 
9189 
9214 
9223 
9229 
9247 
9248 
9249 
9259 
9282 
9285 
9291 
9293 
9302 
9310 
9314 
9316 
9322 
9328 
9338 
9345 
9346 
9350 
9359 
9364 
9369 
9389 
9389 
9392 
9414 
9433 
9433 
9447 
9447 
9452 
9456 
9462 
9463 
9464 
9476 
9477 
9498 
9498 
9503 
9528 
9534 
9582 
9583 
9583 
9587 
9596 
9608 
9608 
9639 
9653 
9657 
9658 
9663 
9668 
9672 
9678 
9697 
9699 
9701 
9707 
9714 
9727 
9735 
9753 
9765 
9766 
9769 
9772 
9773 
9784 
9791 
9804 
9814 
9819 
9821 
9822 
9831 
9835 
9853 
9855 
9865 
9876 
9879 
9925 
9926 
9938 
9958 
9963 
9998 
9999 
