33
44
77
92
103
145
149
185
192
209
211
231
244
274
277
282
347
350
358
359
368
390
447
484
492
501
526
535
541
544
566
572
628
687
694
796
800
810
850
851
915
977
1015
1019
1022
1051
1094
1107
1123
1142
1151
1173
1190
1191
1222
1228
1232
1238
1253
1263
1265
1287
1314
1338
1364
1414
1432
1433
1447
1455
1461
1476
1489
1562
1584
1602
1606
1626
1668
1675
1690
1698
1700
1712
1757
1760
1766
1766
1782
1785
1817
1827
1834
1886
1895
1919
1980
1993
1998
1999
2036
2038
2057
2062
2077
2129
2172
2175
2175
2181
2182
2229
2271
2285
2288
2311
2336
2388
2406
2407
2422
2429
2455
2455
2462
2473
2507
2518
2528
2530
2538
2574
2621
2632
2655
2672
2680
2699
2742
2759
2775
2776
2825
2829
2883
2908
2950
2956
2969
2976
3000
3033
3057
3118
3161
3186
3226
3233
3246
3319
3336
3394
3397
3438
3463
3485
3498
3511
3527
3541
3543
3552
3559
3621
3640
3688
3709
3715
3755
3761
3773
3786
3820
3839
3865
3878
3889
3898
3898
3908
3932
3933
3948
3954
3959
3962
3967
3968
3970
4006
4006
4035
4045
4065
4132
4134
4163
4174
4209
4209
4209
4217
4225
4235
4236
4247
4253
4255
4262
4296
4297
4357
4388
4401
4418
4424
4460
4464
4499
4517
4523
4553
4593
4596
4605
4610
4610
4650
4666
4700
4710
4728
4733
4763
4770
4782
4788
4809
4836
4856
4858
4879
4885
4903
4905
4939
4939
4965
4970
5001
5001
5009
5016
5049
5103
5108
5124
5136
5160
5163
5165
5184
5189
5219
5230
5250
5340
5366
5401
5403
5406
5411
5426
5453
5460
5465
5468
5501
5560
5605
5606
5607
5614
5645
5661
5705
5730
5732
5772
5787
5820
5821
5854
5881
5893
5908
5930
5977
5995
6021
6031
6048
6062
6099
6113
6121
6122
6147
6161
6198
6206
6216
6304
6359
6369
6375
6393
6417
6429
6438
6514
6558
6613
6637
6727
6730
6736
6751
6800
6828
6850
6874
6987
7004
7019
7026
7039
7043
7045
7058
7058
7070
7106
7112
7112
7181
7208
7236
7246
7253
7290
7338
7444
7444
7444
7444
7448
7470
7481
7488
7508
7615
7650
7729
7761
7779
7786
7797
7806
7811
7825
7830
7839
7846
7850
7864
7880
7909
7913
8002
8004
8022
8028
8037
8052
8053
8064
8071
8082
8082
8129
8143
8158
8159
8177
8187
8218
8219
8220
8271
8300
8300
8308
8311
8316
8343
8344
8345
8354
8356
8374
8378
8389
8399
8407
8465
8496
8511
8513
8582
8598
8611
8615
8617
8620
8657
8676
8694
8760
8766
8787
8819
8831
8838
8842
8899
8910
8925
8957
8962
9017
9041
9065
9065
9066
9085
9091
9100
9132
9140
9153
9164
9171
9223
9229
9248
9249
9291
9302
9310
9314
9328
9359
9369
9389
9389
9414
9452
9462
9464
9476
9528
9582
9672
9699
9701
9707
9714
9765
9769
9773
9819
9822
9831
9835
9853
9876
9879
9925
9958
