24
51
81
85
93
105
115
143
149
159
173
173
181
186
191
201
227
249
298
309
334
359
369
422
427
448
495
498
536
551
560
654
679
689
714
717
784
831
835
854
865
870
871
880
895
903
923
957
979
991
1016
1071
1113
1151
1153
1194
1210
1229
1255
1295
1316
1324
1336
1346
1356
1357
1360
1428
1459
1491
1541
1545
1567
1571
1607
1616
1617
1622
1633
1634
1670
1703
1705
1752
1762
1767
1787
1836
1869
1888
1933
1935
1937
1961
1974
2014
2025
2045
2062
2064
2069
2073
2095
2098
2124
2147
2168
2196
2199
2214
2254
2271
2315
2324
2334
2371
2450
2474
2477
2492
2509
2520
2547
2625
2663
2670
2693
2703
2736
2736
2744
2759
2784
2804
2823
2858
2886
2912
2955
2994
3031
3081
3086
3086
3111
3131
3188
3194
3206
3214
3245
3282
3285
3302
3324
3339
3360
3365
3380
3401
3413
3417
3467
3468
3501
3502
3521
3535
3558
3580
3719
3723
3726
3739
3770
3786
3820
3821
3856
3891
4006
4027
4062
4083
4095
4097
4164
4165
4188
4208
4213
4224
4239
4251
4252
4279
4320
4339
4369
4407
4428
4465
4504
4504
4516
4520
4535
4541
4548
4568
4582
4637
4660
4736
4746
4759
4847
4878
4904
4922
4934
4935
4940
5002
5046
5082
5113
5124
5145
5161
5179
5187
5204
5236
5240
5250
5261
5261
5264
5294
5297
5344
5360
5364
5386
5410
5413
5422
5437
5440
5476
5562
5597
5600
5601
5614
5619
5640
5660
5678
5693
5707
5787
5807
5903
5924
5954
5979
5983
6007
6019
6023
6030
6033
6063
6081
6082
6091
6103
6106
6133
6158
6165
6189
6200
6219
6227
6245
6267
6305
6365
6369
6392
6392
6482
6506
6516
6572
6592
6604
6610
6611
6623
6653
6677
6701
6721
6745
6760
6769
6769
6771
6793
6798
6813
6859
6888
6895
6913
6916
6937
6942
6943
6954
6959
7002
7087
7095
7123
7124
7126
7156
7177
7194
7205
7231
7254
7280
7283
7299
7302
7409
7415
7462
7473
7475
7497
7530
7535
7552
7559
7560
7582
7620
7658
7674
7676
7694
7694
7727
7821
7846
7860
7862
7864
7878
7897
7924
7931
7940
7980
7986
7990
8016
8019
8027
8040
8046
8102
8105
8109
8113
8132
8138
8139
8201
8216
8237
8290
8291
8306
8359
8367
8375
8385
8424
8432
8434
8462
8481
8490
8517
8547
8557
8583
8585
8592
8622
8627
8627
8652
8701
8709
8717
8723
8730
8763
8792
8819
8830
8832
8882
8885
8889
8912
8928
8936
8947
8949
8996
9010
9066
9066
9077
9115
9122
9149
9163
9178
9179
9182
9189
9214
9247
9259
9282
9285
9291
9293
9316
9322
9338
9345
9346
9350
9364
9392
9433
9433
9447
9447
9456
9463
9477
9498
9498
9503
9528
9534
9583
9583
9587
9596
9608
9608
9639
9653
9657
9658
9663
9668
9678
9697
9727
9735
9753
9766
9772
9784
9791
9804
9814
9821
9855
9865
9926
9938
9963
9998
9999
